15
0.0 8938.0 5631.0 7824.0 6610.0 7762.0 9072.0 7433.0 7715.0 5861.0 7850.0 7482.0 4983.0 5873.0 7311.0
8938.0 0.0 3800.0 1507.0 2801.0 2479.0 2002.0 3758.0 4004.0 3610.0 5818.0 4811.0 4155.0 3494.0 2280.0
5628.0 3800.0 0.0 3523.0 1035.0 2147.0 3442.0 2220.0 2626.0 268.0 3970.0 2952.0 781.0 788.0 3592.0
7824.0 1507.0 3523.0 0.0 2788.0 3164.0 3278.0 4378.0 4746.0 3641.0 6590.0 5491.0 3571.0 2768.0 735.0
6610.0 2801.0 1035.0 2788.0 0.0 1267.0 2483.0 1913.0 2334.0 1145.0 4028.0 2920.0 1623.0 853.0 3045.0
7762.0 2479.0 2147.0 3164.0 1267.0 0.0 1330.0 1286.0 1586.0 1827.0 3438.0 2369.0 2848.0 2142.0 3674.0
9072.0 2002.0 3442.0 3278.0 2483.0 1320.0 0.0 2227.0 2311.0 3298.0 3972.0 3097.0 4113.0 3296.0 3947.0
7433.0 3758.0 2220.0 4378.0 1913.0 1286.0 2227.0 0.0 425.0 1965.0 2198.0 1097.0 2996.0 2636.0 4819.0
7715.0 4004.0 2626.0 4746.0 2334.0 1586.0 2311.0 425.0 0.0 2346.0 1852.0 809.0 3397.0 3061.0 5199.0
5861.0 3610.0 268.0 3641.0 1145.0 1827.0 3298.0 1965.0 2346.0 0.0 3707.0 2684.0 1034.0 980.0 3759.0
7850.0 5818.0 3970.0 6590.0 4028.0 3438.0 3972.0 2198.0 1852.0 3707.0 0.0 1114.0 4636.0 4604.0 7012.0
7482.0 4811.0 2952.0 5491.0 2920.0 2369.0 3097.0 1097.0 809.0 2684.0 1114.0 0.0 3669.0 3470.0 5899.0
4983.0 4155.0 781.0 3571.0 1623.0 2848.0 4113.0 2996.0 3397.0 1034.0 4636.0 3669.0 0.0 730.0 3470.0
5873.0 3494.0 788.0 2768.0 853.0 2142.0 3296.0 2636.0 3061.0 980.0 4604.0 3470.0 730.0 0.0 2805.0
7311.0 2280.0 3592.0 735.0 3045.0 3674.0 3947.0 4819.0 5199.0 3759.0 7012.0 5899.0 3470.0 2805.0 0.0